47368
392
25586
54418
32117
17190
30204
7665
21472
13698
12401
9507
3579
38121
49054
10171
10919
47574
3578
4608
22285
33002
50091
1835
588
24372
62793
9059
31764
16265
23349
13596
16657
48935
2478
48774
589
32683
56439
22062
46381
3304
31569
49961
41425
15087
60132
52344
62662
63711
56952
19411
31177
41507
21247
31766
343
18504
40825
32108
34769
64174
45704
51426
47573
48183
34664
48163
15330
25567
4689
61711
28871
36258
46136
4760
51345
40733
57104
48471
38908
48521
2347
4549
24492
23594
36315
24836
42098
11604
56944
11332
10242
37112
62758
57816
19759
31887
40443
35089
57454
45132
31265
20790
15854
11865
25550
1663
52598
17119
50135
25970
104
52482
30520
24596
10540
1299
49432
52638
12904
40840
63970
23146
12417
61193
15426
32176
27544
55869
1730
19462
35465
32995
40252
51319
44860
267
52983
31923
17386
37582
57893
17490
24528
22877
42086
35068
24177
25983
22170
37081
1287
20605
60227
13704
16262
10118
45881
43806
451
47611
63268
35917
15070
37985
21700
59930
38252
9147
26317
55638
46729
18675
7592
5721
41552
49678
40789
193
10125
62960
37274
11413
18029
31966
25117
34291
42084
5462
12561
42535
53073
10293
12916
2607
48278
34617
62538
20994
43764
23319
11096
24958
41994
18688
30679
18011
2831
5933
18204
12956
3357
55479
24369
21386
21909
49487
55677
63993
54949
2702
40992
42487
12995
53909
45094
61274
22990
42096
16732
1218
65416
27829
26176
41874
46517
56856
59885
49348
62789
12554
62305
610
2497
21138
21996
24406
5089
12137
22863
60039
14839
63855
36990
27834
52228
16548
23572
9682
58645
40305
10901
58525
2598
37077
34863
49115
28397
29213
32928
25650
41767
29697
26260
44264
50835
48256
3134
55925
60393
25997
50428
9696
24316
21882
37531
11009
38430
61103
20691
31539
35872
31592
24528
38470
3134
59392
22050
31531
23069
54978
57182
64836
19139
17906
43564
4438
627
46698
60363
61020
7159
45255
5181
31475
1601
42712
42484
40032
38279
63176
6035
8616
29232
30564
47086
32366
24420
3600
63898
47489
58578
55544
46789
12181
7914
24817
16620
8541
5979
11447
4026
13138
56703
9207
44613
58304
51919
21562
32800
24662
19202
38836
33278
48434
3864
14829
15265
28284
18429
13627
10237
11472
3635
57026
23653
11549
16307
40273
20091
22286
51721
24117
35424
42888
33324
14501
35656
19707
36063
2921
44369
55265
41757
12112
38164
45621
26941
53429
8369
45370
1520
18606
56842
5155
10096
14960
16704
26403
55233
36795
48689
41418
60912
18577
18770
28700
33078
54427
48407
3606
57348
27241
58871
33569
39353
31499
13654
758
19392
22023
46128
20912
40629
37435
26067
50725
52395
42772
11592
42092
14031
60281
17975
9408
13322
36745
38108
46400
25636
20980
50006
17448
48221
43342
51017
22038
9305
64671
22796
28698
21158
3388
49610
61787
40823
10142
46976
27682
52914
58568
4239
1409
53313
22214
10817
1099
58959
48926
47500
19060
4370
31970
36508
52591
9776
21990
9093
19082
21125
31889
47780
42284
35277
31854
38535
10565
41996
19976
38247
29374
13008
42486
30784
786
64700
41601
1885
58124
24991
49385
11648
29361
15820
48156
16416
25596
4610
25509
44678
25736
57398
26922
2484
27140
58777
41019
37705
35237
60995
10416
64612
8468
52903
29860
9254
52067
5925
11139
44655
30917
60525
56303
60278
10809
38924
11159
36405
43534
36668
15548
3734
28531
42470
6218
55671
35711
47238
27840
5413
42697
38256
4489
51165
25623
34349
60419
12155
40274
6023
56810
5655
1012
47578
398
11821
20966
11557
48226
64500
48225
63774
2699
11220
40709
8917
1355
10884
56155
29195
16297
33317
1916
20786
18946
27539
55135
13830
39694
29874
19853
30969
35529
20865
13011
35927
32686
33977
47484
15376
32941
30174
13615
35640
41394
54324
44558
42750
65208
35177
6409
15970
2958
8325
36756
21905
35865
26356
35735
10023
56230
55588
40992
26223
10917
54003
62151
43603
22444
44099
58979
55386
8737
7058
25490
50132
61382
4512
27346
61055
39690
33755
11489
42648
42081
48245
64553
12410
9065
34752
22433
65295
24804
63426
25983
35721
51893
22598
13788
8802
1161
7232
64188
9899
14290
24142
60031
10137
28655
21841
5656
2809
55596
17145
45457
32141
65390
44475
44551
8920
13691
1449
8679
38496
64875
34662
8681
51232
57260
22470
60034
58422
29702
58686
2785
43992
17293
62816
54129
45948
19121
59785
48757
9181
11394
28678
41323
11249
7617
20338
20169
21309
21787
28848
59805
21126
63511
2950
6823
55235
25420
1321
48121
55122
60008
50906
33579
11765
48186
22172
57713
1771
16422
40934
10953
27816
4076
52276
39065
11694
7078
59234
33003
28866
22547
27272
49992
20522
30222
56815
10221
55643
58137
58343
45229
52609
43713
13272
64374
26364
35445
56551
28135
51867
31949
39088
14147
36025
25828
53213
47719
32907
46911
15186
61773
3922
42458
46229
24444
7145
37509
34666
62788
30110
27473
42481
17183
5650
55754
16021
32014
25663
7036
60150
11994
38985
33702
26141
9474
59531
13818
57194
26902
60730
6844
23139
64652
49303
3832
23561
56448
41341
58227
53700
5915
20164
30645
23098
25814
20863
39119
57829
46526
46155
52443
58520
19604
20609
19126
29079
14604
32944
20737
41506
28138
27581
64645
27255
11348
2942
50816
2260
44283
43507
55960
50199
63671
21070
7761
23949
41933
46881
16242
22924
27500
3149
15908
47105
23759
35034
10648
38363
2443
31385
14334
30581
58966
13443
57836
4779
16385
43116
7039
60669
21087
63000
45332
19222
18534
53093
43172
60467
34438
59414
17855
61939
62564
33764
43508
20787
3262
54156
59150
5705
20005
7948
36287
13435
21392
28587
18214
37777
6168
25254
32910
27255
22718
12706
46478
41252
264
24114
36183
34702
17992
54039
31105
15020
22267
9077
35807
25529
63233
29422
31235
17702
37370
1986
31138
58762
30573
49352
31004
36741
9070
63914
63997
31788
11085
44939
7504
11349
3517
43688
46051
21509
32191
11621
36530
54458
20698
6801
14451
18396
36223
45686
36098
8058
47672
1700
1284
12710
51053
32288
49451
60123
30667
47912
26376
41752
27315
33880
53101
30832
12032
33616
52342
44223
45237
23336
33145
400
30137
47597
18796
825
27747
54894
8883
9884
56595
10167
22594
42112
42456
6509
36699
7587
54422
